blue: H [140:170], S [130:255], V [110:255]
green: H [80:100], S [160:255], V [110:255]

d: 3ft
y = -21

d= 4ft
y = -12

d = = 2ft
y = -37

d = 1.5ft
y = -57


ft = p1*px^3 + p2*px^2+p3*px+p4

  p1 = 2.0062e-05
  p2 = 0.0033488
  p3 = 0.20483
  p4 = 6.0104
  
  